1 1 0.0
2 2 0.0
3 2 0.0
4 3 0.0
5 4 0.0
6 4 0.0
7 4 0.0
8 4 0.0
9 5 0.0
10 5 0.0
11 6 0.0
12 6 0.0
13 7 0.0
14 8 0.0
15 8 0.0
16 8 0.0
17 8 0.0
18 8 0.0
19 8 0.0
20 9 0.0
21 9 0.0
22 9 0.0
23 9 0.0
24 10 0.0
25 10 0.0
26 11 0.0
27 11 0.0
28 11 0.0
29 11 0.0
30 12 0.0
31 12 0.0
32 13 0.0
33 13 0.1
34 13 0.1
35 13 0.2
36 14 0.1
37 14 0.2
38 14 0.3
39 14 0.5
40 15 0.4
41 16 0.4
42 16 0.6
43 16 0.8
44 16 1.2
45 16 1.8
46 16 2.9
47 16 4.2
48 16 6.4
49 16 27.3
50 16 40.7
51 17 35.7
52 17 40.2
53 17 24.4
54 18 21.4
55 18 29.2
56 18 41.1
57 18 58.3
58 19 49.0
59 19 69.9
60 19 99.4
61 19 144.7
62 19 192.9
63 20 164.0
64 20 231.0
65 20 323.5
66 20 451.2
67 20 627.5
68 20 884.6
69 20 1242.5
70 20 1759.4
71 21 1503.9
72 21 2073.6
73 21 2900.6
74 22 3463.7
75 22 6842.2
76 22 4818.2
77 22 6674.6
78 22 9138.2
79 22 12640.0
80 22 17450.1
